0	0
1	0
2	0
3	0
4	0
5	0
6	0
7	0
8	0
9	0
10	0
11	0
12	0
13	0
14	0
15	0
16	0
17	0
18	0
19	0
20	17452
21	12936
22	6556
23	3581
24	2382
25	1766
26	1428
27	1176
28	1055
29	862
30	784
31	678
32	652
33	571
34	510
35	512
36	439
37	422
38	325
39	322
40	253
41	208
42	193
43	154
44	116
45	90
46	94
47	80
48	70
49	69
50	77
51	86
52	77
53	99
54	126
55	102
56	113
57	124
58	106
59	110
60	82
61	68
62	48
63	43
64	33
65	27
66	25
67	19
68	19
69	18
70	10
71	6
72	17
73	10
74	13
75	13
76	16
77	16
78	20
79	19
80	18
81	18
82	10
83	18
84	16
85	20
86	17
87	20
88	16
89	16
90	27
91	28
92	22
93	20
94	18
95	20
96	24
97	31
98	41
99	49
100	54
101	54
102	68
103	66
104	67
105	59
106	52
107	48
108	33
109	23
110	30
111	21
112	14
113	27
114	19
115	24
116	24
117	18
118	19
119	12
120	15
121	11
122	7
123	9
124	10
125	2
126	3
127	10
128	1
129	5
130	5
131	3
132	0
133	5
134	1
135	2
136	3
137	2
138	4
139	5
140	4
141	4
142	2
143	6
144	4
145	4
146	3
147	3
148	1
149	1
150	3
151	3
152	4
153	4
154	2
155	2
156	8
157	2
158	5
159	1
160	4
161	2
162	2
163	0
164	3
165	8
166	2
167	5
168	2
169	5
170	5
171	3
172	2
173	7
174	3
175	4
176	3
177	7
178	3
179	8
180	9
181	11
182	17
183	18
184	12
185	34
186	36
187	27
188	35
189	29
190	38
191	13
192	14
193	20
194	18
195	13
196	9
197	5
198	3
199	11
200	8
201	7
202	4
203	4
204	7
205	13
206	12
207	12
208	16
209	27
210	36
211	35
212	92
213	108
214	178
215	196
216	237
217	347
218	386
219	348
220	421
221	424
222	360
223	283
224	275
225	213
226	135
227	94
228	53
229	42
230	33
231	16
232	13
233	9
234	6
235	5
236	2
237	3
238	6
239	7
240	3
241	4
242	6
243	7
244	7
245	10
246	17
247	13
248	21
249	20
250	18
251	21
252	22
253	28
254	20
255	13
256	26
257	31
258	23
259	42
260	47
261	75
262	96
263	90
264	122
265	132
266	132
267	137
268	145
269	163
270	145
271	135
272	185
273	199
274	234
275	260
276	351
277	361
278	412
279	394
280	415
281	396
282	319
283	286
284	232
285	180
286	115
287	93
288	67
289	41
290	30
291	24
292	15
293	17
294	13
295	9
296	4
297	11
298	6
299	6
300	4
301	9
302	2
303	9
304	7
305	3
306	5
307	4
308	3
309	8
310	5
311	7
312	6
313	7
314	13
315	8
316	14
317	17
318	27
319	26
320	28
321	49
322	37
323	93
324	94
325	108
326	84
327	117
328	79
329	90
330	78
331	75
332	70
333	52
334	43
335	59
336	49
337	33
338	45
339	37
340	31
341	23
342	25
343	14
344	13
345	12
346	8
347	11
348	10
349	8
350	10
351	9
352	5
353	2
354	4
355	8
356	5
357	1
358	3
359	0
360	3
361	2
362	0
363	2
364	4
365	1
366	1
367	2
368	3
369	1
370	3
371	2
372	2
373	2
374	3
375	0
376	2
377	1
378	1
379	3
380	1
381	7
382	4
383	0
384	1
385	5
386	5
387	1
388	1
389	3
390	2
391	5
392	5
393	4
394	2
395	4
396	2
397	3
398	3
399	6
400	10
401	6
402	7
403	14
404	18
405	24
406	23
407	47
408	39
409	76
410	76
411	67
412	64
413	71
414	68
415	48
416	54
417	32
418	22
419	29
420	18
421	16
422	9
423	3
424	4
425	3
426	1
427	1
428	3
429	0
430	2
431	1
432	3
433	2
434	2
435	3
436	2
437	4
438	4
439	4
440	3
441	3
442	6
443	5
444	7
445	7
446	4
447	7
448	3
449	5
450	6
451	7
452	1
453	2
454	4
455	2
456	2
457	0
458	1
459	2
460	7
461	1
462	2
463	2
464	1
465	3
466	3
467	1
468	0
469	2
470	1
471	1
472	2
473	3
474	2
475	1
476	1
477	2
478	1
479	1
480	4
481	1
482	0
483	3
484	1
485	0
486	4
487	3
488	1
489	5
490	2
491	3
492	4
493	2
494	10
495	12
496	6
497	15
498	14
499	19
500	24
501	19
502	21
503	18
504	22
505	25
506	21
507	11
508	17
509	14
510	8
511	8
512	6
513	7
514	7
515	8
516	18
517	10
518	13
519	12
520	11
521	13
522	18
523	8
524	11
525	12
526	11
527	6
528	6
529	4
530	4
531	2
532	2
533	5
534	3
535	1
536	0
537	3
538	5
539	3
540	7
541	4
542	4
543	4
544	2
545	1
546	3
547	3
548	6
549	3
550	3
551	3
552	2
553	3
554	3
555	4
556	3
557	8
558	4
559	8
560	9
561	13
562	20
563	18
564	18
565	35
566	45
567	40
568	50
569	49
570	34
571	47
572	34
573	30
574	25
575	19
576	11
577	9
578	8
579	7
580	3
581	5
582	2
583	2
584	2
585	1
586	0
587	3
588	0
589	1
590	0
591	3
592	1
593	0
594	0
595	0
596	0
597	0
598	2
599	1
600	3
601	1
602	2
603	0
604	1
605	1
606	2
607	0
608	0
609	0
610	1
611	0
612	0
613	1
614	2
615	1
616	0
617	1
618	0
619	1
620	0
621	0
622	1
623	1
624	1
625	2
626	0
627	0
628	1
629	1
630	1
631	1
632	2
633	2
634	2
635	1
636	1
637	2
638	1
639	1
640	0
641	1
642	2
643	2
644	0
645	1
646	2
647	2
648	1
649	1
650	4
651	1
652	0
653	3
654	0
655	0
656	1
657	0
658	1
659	2
660	0
661	3
662	2
663	2
664	1
665	2
666	1
667	2
668	0
669	0
670	1
671	0
672	2
673	2
674	3
675	3
676	5
677	0
678	2
679	2
680	2
681	4
682	1
683	2
684	4
685	1
686	3
687	2
688	1
689	2
690	1
691	2
692	3
693	5
694	1
695	2
696	0
697	1
698	2
699	2
700	4
701	2
702	2
703	3
704	2
705	2
706	1
707	3
708	1
709	2
710	1
711	1
712	2
713	5
714	3
715	1
716	1
717	7
718	2
719	0
720	3
721	3
722	1
723	2
724	1
725	0
726	2
727	2
728	3
729	3
730	3
731	4
732	9
733	5
734	5
735	5
736	4
737	3
738	4
739	5
740	2
741	0
742	2
743	3
744	0
745	4
746	3
747	5
748	6
749	3
750	0
751	7
752	11
753	6
754	3
755	5
756	5
757	6
758	7
759	6
760	4
761	6
762	6
763	6
764	4
765	5
766	6
767	11
768	6
769	10
770	6
771	10
772	11
773	17
774	10
775	10
776	7
777	7
778	10
779	7
780	6
781	7
782	10
783	8
784	6
785	8
786	6
787	6
788	10
789	11
790	8
791	10
792	8
793	10
794	8
795	6
796	9
797	8
798	8
799	7
800	10
801	12
802	9
803	9
804	14
805	6
806	6
807	9
808	6
809	9
810	4
811	6
812	11
813	8
814	12
815	6
816	6
817	11
818	9
819	4
820	10
821	8
822	8
823	4
824	9
825	6
826	9
827	12
828	10
829	7
830	6
831	11
832	4
833	6
834	13
835	7
836	8
837	11
838	5
839	8
840	12
841	5
842	9
843	4
844	11
845	10
846	8
847	7
848	10
849	13
850	5
851	11
852	6
853	5
854	11
855	4
856	7
857	9
858	10
859	9
860	7
861	4
862	9
863	9
864	6
865	13
866	5
867	7
868	12
869	14
870	8
871	16
872	9
873	7
874	5
875	13
876	8
877	12
878	9
879	11
880	16
881	10
882	13
883	14
884	11
885	12
886	20
887	17
888	13
889	14
890	15
891	23
892	9
893	33
894	25
895	18
896	29
897	44
898	41
899	25
900	35
901	43
902	32
903	34
904	42
905	62
906	58
907	76
908	47
909	57
910	89
911	90
912	100
913	100
914	139
915	147
916	154
917	145
918	238
919	278
920	288
921	362
922	410
923	461
924	536
925	559
926	640
927	617
928	646
929	592
930	580
931	499
932	469
933	374
934	253
935	198
936	152
937	99
938	55
939	42
940	14
941	11
942	6
943	8
944	3
945	0
946	1
947	0
948	0
949	0
950	0
951	0
952	0
953	0
954	1
955	0
956	0
957	0
958	0
959	0
960	0
961	0
962	0
963	0
964	0
965	0
966	0
967	0
968	0
969	0
970	0
971	0
972	0
973	0
974	0
975	0
976	0
977	0
978	0
979	0
980	0
981	0
982	0
983	0
984	0
985	0
986	0
987	0
988	0
989	0
990	0
991	0
992	0
993	0
994	0
995	0
996	0
997	1
998	0
999	0
1000	0
1001	0
1002	0
1003	0
1004	0
1005	0
1006	0
1007	0
1008	0
1009	0
1010	0
1011	0
1012	0
1013	0
1014	0
1015	0
1016	0
1017	0
1018	0
1019	0
1020	0
1021	0
1022	0
1023	0
1024	0
1025	0
1026	0
1027	0
1028	0
1029	0
1030	0
1031	0
1032	0
1033	0
1034	0
1035	0
1036	0
1037	0
1038	0
1039	0
1040	0
1041	0
1042	0
1043	0
1044	0
1045	0
1046	0
1047	0
1048	0
1049	0
1050	0
1051	0
1052	0
1053	0
1054	0
1055	0
1056	0
1057	0
1058	0
1059	1
1060	0
1061	0
1062	0
1063	0
1064	0
1065	0
1066	0
1067	0
1068	0
1069	0
1070	0
1071	0
1072	1
1073	0
1074	0
1075	0
1076	1
1077	0
1078	1
1079	0
1080	0
1081	0
1082	1
1083	0
1084	0
1085	0
1086	0
1087	0
1088	0
1089	0
1090	0
1091	0
1092	0
1093	0
1094	0
1095	0
1096	0
1097	0
1098	0
1099	0
1100	0
1101	0
1102	0
1103	0
1104	0
1105	0
1106	0
1107	0
1108	0
1109	0
1110	0
1111	1
1112	0
1113	0
1114	0
1115	0
1116	0
1117	0
1118	0
1119	0
1120	0
1121	0
1122	0
1123	0
1124	0
1125	0
1126	0
1127	0
1128	0
1129	0
1130	0
1131	0
1132	0
1133	0
1134	0
1135	0
1136	0
1137	0
1138	0
1139	1
1140	1
1141	0
1142	0
1143	0
1144	0
1145	1
1146	1
1147	0
1148	2
1149	0
1150	1
1151	0
1152	0
1153	0
1154	0
1155	0
1156	0
1157	0
1158	0
1159	0
1160	0
1161	0
1162	0
1163	0
1164	0
1165	0
1166	0
1167	0
1168	0
1169	0
1170	0
1171	0
1172	0
1173	0
1174	0
1175	0
1176	0
1177	0
1178	0
1179	0
1180	0
1181	0
1182	0
1183	0
1184	0
1185	0
1186	0
1187	0
1188	0
1189	0
1190	0
1191	0
1192	0
1193	0
1194	0
1195	0
1196	0
1197	0
1198	0
1199	0
1200	0
1201	0
1202	0
1203	0
1204	0
1205	0
1206	0
1207	0
1208	0
1209	0
1210	0
1211	0
1212	0
1213	0
1214	0
1215	0
1216	0
1217	0
1218	0
1219	0
1220	0
1221	0
1222	0
1223	0
1224	0
1225	0
1226	0
1227	0
1228	0
1229	0
1230	0
1231	0
1232	0
1233	0
1234	0
1235	0
1236	0
1237	0
1238	0
1239	0
1240	0
1241	0
1242	0
1243	0
1244	0
1245	0
1246	0
1247	1
1248	0
1249	1
1250	0
1251	1
1252	0
1253	0
1254	0
1255	0
1256	0
1257	0
1258	1
1259	0
1260	0
1261	1
1262	0
1263	0
1264	0
1265	0
1266	0
1267	0
1268	0
1269	0
1270	0
1271	0
1272	0
1273	0
1274	0
1275	0
1276	0
1277	0
1278	0
1279	0
1280	0
1281	0
1282	0
1283	0
1284	0
1285	0
1286	0
1287	0
1288	1
1289	0
1290	0
1291	0
1292	0
1293	0
1294	0
1295	0
1296	0
1297	0
1298	0
1299	1
1300	0
1301	0
1302	0
1303	0
1304	0
1305	0
1306	0
1307	0
1308	0
1309	0
1310	0
1311	1
1312	0
1313	0
1314	0
1315	0
1316	1
1317	0
1318	0
1319	0
1320	0
1321	0
1322	0
1323	0
1324	0
1325	0
1326	0
1327	0
1328	0
1329	0
1330	0
1331	0
1332	0
1333	0
1334	0
1335	0
1336	0
1337	0
1338	0
1339	0
1340	0
1341	0
1342	0
1343	0
1344	0
1345	0
1346	0
1347	0
1348	1
1349	0
1350	0
1351	0
1352	0
1353	0
1354	0
1355	0
1356	1
1357	0
1358	0
1359	0
1360	0
1361	0
1362	0
1363	0
1364	0
1365	0
1366	0
1367	0
1368	0
1369	0
1370	0
1371	0
1372	0
1373	0
1374	0
1375	0
1376	0
1377	0
1378	0
1379	0
1380	0
1381	0
1382	0
1383	0
1384	0
1385	0
1386	0
1387	0
1388	0
1389	0
1390	0
1391	0
1392	0
1393	0
1394	0
1395	0
1396	0
1397	0
1398	0
1399	0
1400	0
1401	0
1402	0
1403	0
1404	0
1405	0
1406	0
1407	0
1408	0
1409	0
1410	1
1411	0
1412	0
1413	0
1414	0
1415	0
1416	0
1417	0
1418	0
1419	0
1420	1
1421	0
1422	0
1423	0
1424	0
1425	0
1426	1
1427	0
1428	0
1429	0
1430	0
1431	0
1432	0
1433	0
1434	0
1435	0
1436	0
1437	0
1438	1
1439	0
1440	0
1441	0
1442	0
1443	0
1444	0
1445	0
1446	0
1447	0
1448	0
1449	0
1450	0
1451	0
1452	0
1453	0
1454	0
1455	0
1456	0
1457	0
1458	0
1459	0
1460	0
1461	0
1462	0
1463	0
1464	0
1465	0
1466	0
1467	0
1468	0
1469	0
1470	0
1471	1
1472	0
1473	0
1474	0
1475	0
1476	0
1477	0
1478	0
1479	0
1480	0
1481	0
1482	0
1483	0
1484	0
1485	0
1486	0
1487	0
1488	0
1489	0
1490	0
1491	0
1492	0
1493	1
1494	0
1495	0
1496	0
1497	0
1498	1
1499	0
1500	0
1501	1
1502	0
1503	0
1504	0
1505	0
1506	1
1507	0
1508	0
1509	0
1510	1
1511	0
1512	0
1513	1
1514	0
1515	0
1516	0
1517	0
1518	0
1519	0
1520	1
1521	0
1522	0
1523	0
1524	0
1525	0
1526	0
1527	0
1528	0
1529	0
1530	0
1531	0
1532	0
1533	0
1534	0
1535	0
1536	0
1537	1
1538	1
1539	0
1540	0
1541	1
1542	0
1543	1
1544	0
1545	0
1546	1
1547	0
1548	0
1549	0
1550	0
1551	1
1552	0
1553	0
1554	0
1555	0
1556	0
1557	0
1558	0
1559	0
1560	0
1561	0
1562	0
1563	0
1564	0
1565	0
1566	0
1567	0
1568	0
1569	0
1570	0
1571	0
1572	0
1573	0
1574	0
1575	0
1576	0
1577	0
1578	0
1579	0
1580	0
1581	0
1582	0
1583	1
1584	0
1585	0
1586	0
1587	0
1588	0
1589	0
1590	0
1591	0
1592	0
1593	0
1594	0
1595	0
1596	0
1597	0
1598	0
1599	0
1600	0
1601	0
1602	1
1603	0
1604	0
1605	0
1606	0
1607	0
1608	0
1609	1
1610	0
1611	0
1612	0
1613	0
1614	0
1615	0
1616	0
1617	0
1618	0
1619	0
1620	0
1621	0
1622	0
1623	0
1624	0
1625	0
1626	0
1627	0
1628	0
1629	0
1630	0
1631	1
1632	0
1633	0
1634	0
1635	0
1636	0
1637	0
1638	0
1639	0
1640	0
1641	0
1642	0
1643	0
1644	0
1645	0
1646	0
1647	0
1648	0
1649	0
1650	0
1651	0
1652	0
1653	0
1654	0
1655	0
1656	0
1657	0
1658	0
1659	0
1660	0
1661	0
1662	0
1663	0
1664	0
1665	0
1666	0
1667	0
1668	0
1669	0
1670	0
1671	0
1672	0
1673	0
1674	0
1675	0
1676	0
1677	0
1678	0
1679	0
1680	0
1681	0
1682	0
1683	0
1684	0
1685	0
1686	0
1687	0
1688	0
1689	0
1690	0
1691	0
1692	0
1693	0
1694	0
1695	1
1696	0
1697	0
1698	0
1699	0
1700	0
1701	0
1702	0
1703	0
1704	0
1705	0
1706	0
1707	0
1708	0
1709	0
1710	0
1711	0
1712	0
1713	0
1714	0
1715	0
1716	0
1717	0
1718	0
1719	0
1720	0
1721	0
1722	0
1723	0
1724	0
1725	0
1726	0
1727	0
1728	0
1729	0
1730	0
1731	0
1732	0
1733	0
1734	0
1735	0
1736	0
1737	0
1738	1
1739	0
1740	0
1741	0
1742	0
1743	0
1744	1
1745	0
1746	0
1747	0
1748	0
1749	0
1750	0
1751	0
1752	0
1753	0
1754	0
1755	0
1756	0
1757	1
1758	0
1759	0
1760	0
1761	0
1762	0
1763	0
1764	0
1765	0
1766	0
1767	0
1768	0
1769	1
1770	0
1771	0
1772	0
1773	0
1774	0
1775	0
1776	0
1777	0
1778	0
1779	0
1780	0
1781	0
1782	0
1783	0
1784	0
1785	0
1786	0
1787	0
1788	0
1789	0
1790	0
1791	0
1792	0
1793	0
1794	0
1795	0
1796	1
1797	0
1798	0
1799	0
1800	0
1801	0
1802	1
1803	0
1804	0
1805	0
1806	0
1807	0
1808	0
1809	0
1810	0
1811	0
1812	0
1813	0
1814	0
1815	0
1816	0
1817	0
1818	0
1819	0
1820	0
1821	0
1822	0
1823	0
1824	0
1825	0
1826	0
1827	0
1828	0
1829	1
1830	0
1831	0
1832	0
1833	0
1834	0
1835	0
1836	0
1837	0
1838	0
1839	0
1840	0
1841	0
1842	0
1843	0
1844	0
1845	0
1846	0
1847	0
1848	1
1849	0
1850	0
1851	0
1852	0
1853	0
1854	0
1855	0
1856	0
1857	0
1858	0
1859	0
1860	0
1861	0
1862	0
1863	0
1864	0
1865	0
1866	0
1867	0
1868	0
1869	0
1870	0
1871	0
1872	0
1873	0
1874	0
1875	0
1876	0
1877	0
1878	0
1879	0
1880	0
1881	0
1882	0
1883	0
1884	0
1885	0
1886	0
1887	0
1888	0
1889	0
1890	0
1891	0
1892	0
1893	0
1894	0
1895	0
1896	0
1897	0
1898	0
1899	0
1900	0
1901	0
1902	0
1903	0
1904	0
1905	0
1906	0
1907	0
1908	0
1909	0
1910	0
1911	1
1912	0
1913	0
1914	0
1915	0
1916	0
1917	0
1918	0
1919	0
1920	0
1921	0
1922	0
1923	0
1924	0
1925	0
1926	0
1927	0
1928	0
1929	0
1930	0
1931	0
1932	0
1933	0
1934	0
1935	0
1936	0
1937	0
1938	0
1939	0
1940	0
1941	1
1942	0
1943	0
1944	0
1945	0
1946	0
1947	1
1948	0
1949	0
1950	0
1951	0
1952	0
1953	0
1954	0
1955	0
1956	0
1957	0
1958	0
1959	0
1960	0
1961	1
1962	0
1963	0
1964	0
1965	0
1966	0
1967	0
1968	0
1969	0
1970	0
1971	0
1972	0
1973	0
1974	1
1975	0
1976	0
1977	0
1978	0
1979	0
1980	0
1981	0
1982	0
1983	1
1984	0
1985	0
1986	0
1987	0
1988	0
1989	0
1990	0
1991	0
1992	0
1993	0
1994	0
1995	0
1996	0
1997	0
1998	0
1999	0
2000	0
2001	0
2002	0
2003	0
2004	0
2005	0
2006	0
2007	0
2008	0
2009	0
2010	0
2011	0
2012	0
2013	0
2014	0
2015	0
2016	0
2017	0
2018	0
2019	0
2020	0
2021	0
2022	0
2023	0
2024	0
2025	0
2026	0
2027	0
2028	0
2029	1
2030	0
2031	0
2032	0
2033	0
2034	0
2035	0
2036	0
2037	0
2038	0
2039	0
2040	0
2041	0
2042	0
2043	0
2044	0
2045	0
2046	0
2047	0

