[Amplitude,mean,sigma, background]
Cd

peak 1

[167045.33118577048, 55.16092700640812, 3.658824688370408, 1.1236918310553612e-23]
[337799.4335296017, 91.40469108044707, 12.666430736382235, 1.1236918310553612e-23]

peak  2

[45557.71926309924, 369.00000000000006, 7.985665891837723, 4.999999999999999]

CuCd

peak  1

[161268.3406618623, 54.99999999999999, 3.5983781099073493, 3.9127093984261946e-17]
[339862.8394243106, 91.10598215283282, 12.840142963995513, 3.9127093984261946e-17]

peak  2

[45555.40820926705, 369.00000000000006, 7.986013395816371, 4.999999999999999]
